1 -4.000000
0 -30.000000
0 144.000000
0 240.000000
1 1860.000000
1 3984.814815
0 0.000000
0 0.000000
1 19344931.450841
1 -122625106.329600
1 283889937385.185242
1 344898491334848929595392.000000
1 -0.000000
2 -178812639860359104.000000
2 -11205398390021040.000000
3 9316866909.586594
2 -87071927546581536.000000
3 31688144204837826560.000000
3 1813085346436736840305213440.000000
4 191127800877777120.000000
3 0.000000
4 254401061604614.218750
4 -2739514664072511016556382942457719947264.000000
4 -341009152319018992412195078453140807221248.000000
5 681825885362424707367217135616.000000
5 -22571476982341985894400.000000
6 -144384100571618732007318931198971096334336.000000
5 0.000000
6 611306134798759110970721068646400.000000
7 -25029189494470285717935496952259326501445956766453230184705861716208015423808568990004150940524384682675953185782177511987157663744.000000
0 -0.000000
7 -3700053556265941572719742827536654008320.000000
7 2126140801436823081791670787117766672384.000000
9 -455650578864500634529806626977883035195670528000.000000
8 1551630107499095505141386574393793052672.000000
8 -15552851692575171439073324129084458511598500726099829613442993913677742080.000000
9 853684768495163609268958845891981183249902548399255136881272397686623961088.000000
10 949225123668004297371514237066704141024976179363701552690171761105104324116796499136558008865274946650112.000000
10 -83700458137714731227801001411903710516215808.000000
11 -2226390333450833807182493655622215532544.000000
2 0.000000
12 -3259081205055202721839888482124463598488709066664181760.000000
12 2170572723450493621063464094594498560.000000
1 0.000000
13 -51157282878075507244751376492886574346535526079884852826622980646105449127588892943260319744.000000
1 0.000000
2 -0.000000
1 -0.000000
7 0.000000
15 3223839954985534884873247948364458313310535680.000000
15 156984023236614139031410008444020138565984178963666469515569118488691881221403431545525058474154184525094798229504.000000
6 0.000000
13 -32848474939071362079253261850830474308780835996428143705948219943024897771385219393651736576000.000000
14 1253089016171858665904780799024053037397216394268984923701665373003827904512.000000
14 552693058126799799277310261366597486484686080785249655233723630623326026608217384026112.000000
14 inf
14 447586561167471725582179237437693514390693325542570678817342948584810162390466698419145087722543841424845523527025432037536301056.000000
15 13725358150250316607948988096573573704709911985343327682166292899609704189961611059215775781590095422509966429308650014748671598881005683302914072736304474945345995481988985013899618638928948293009408.000000
15 -989946319509709093970678467631995617764037806406766273832644634532548322379344920854407442620634078826591158272.000000
1 0.000000
2 -0.000000
6 0.000000
17 inf
0 0.000000
17 342358081419293775198084614888680894310852017933583182755497498378240.000000
18 598618685060014248390212196531284542939845045912427118959323578001093112197449870580059476172569720193149930592934913336171343851011826865038244608494284261146148806469858432557490173955928121948399539472435272553799136070050208808960.000000
1 0.000000
1 0.000000
19 -inf
19 -inf
20 -inf
0 0.000000
21 -inf
22 inf
2 0.000000
9 0.000000
23 -inf
23 5849912968944994284112282312493350529614205013836311365163601570184364242884951591241943875584.000000
23 5840068128842243985994872473204252403736725185110455488873762649774424838936562141148152840901083522282359995242867272710184038030097583046337075944686417104044220558561122719900447349053125410852585749847022153091317335716424401527360840535030424588148277248.000000
0 0.000000
24 -91215853054438589542559690658220334826878264804790755533942063364635597955997993111182955304807624936723720316418080935759727953563582186713755645702014103372798749086580736.000000
24 23321373213727201305003560108652960337673497250195530438108998542860864756301451795510644574023030306074863700098807702355251109272562101127103696754655931116766721065722937450328744774520013126040346212535796519708917005057804035332012955499171853108578605067215166555588543577360758145326998494497472512.000000
25 -inf
25 -inf
26 inf
1 0.000000
1 -0.000000
1 -0.000000
1 -0.000000
28 inf
2 0.000000
29 -inf
3 0.000000
30 inf
9 0.000000
2 0.000000
31 -271604259797332808699791014111683339629117973227705790868583061031569024277477791287722175762100960772107035388417289851931027167539646661215321338217476828409510442590059148081034991637439522631989609925459081346152408302698023502168816253068140356032240470196224.000000
9 0.000000
32 -5413698030699966038882334810538850547267174938250171237808850285696105327229873019310964178280416191472875708031223253021335946482839865158182734003470963183464763715747840.000000
2 0.000000
2 0.000000
2 0.000000
34 inf
4 0.000000
0 -0.000000
36 inf
36 inf
37 inf
38 -inf
38 88822693081309810525710971198388032283171067312981797504070233548986285537210510572024432121487654374720246435170954290474573362169505178985891983924220584512864003645068269543873367290751528681500230997490420297517649362944.000000
38 -inf
2 0.000000
40 -inf
39 inf
11 -0.000000
5 -0.000000
1 0.000000
1 0.000000
42 -610212734093517995402166707652002668279053378356726849334814238859737023723181604659102778519831716978340038803833122012699287778388348771580108969020099632186593838709519482726066508204844609313907202348033973857619336137679591253702526415936642370518548940215812096.000000
20 -0.000000
1 0.000000
44 130897040305176642933007923411442493458400213941435879528574045382200701347037009547047473691889608113209400924584392193915029174277031514512538272276714705167000072573010779104873084003720592654898716297891881606252462097914972340817592457062414075706736640.000000
1 -0.000000
45 -inf
18 -0.000000
5 0.000000
8 -0.000000
9 0.000000
47 -inf
1 0.000000
3 0.000000
49 inf
8 0.000000
3 0.000000
51 inf
9 0.000000
51 -inf
53 -inf
16 0.000000
53 -inf
54 inf
6 -0.000000
55 -1178624174702235347711844093314791544541845474062729792921240161930516766790092113906475405058507672589310056300190832633679081197374931505081954515550509514988034289060844781545638668846213370165424477227697862054819816885092449261836129308540326082002111551519064064.000000
4 0.000000
12 -0.000000
58 -inf
57 -inf
58 -inf
59 inf
8 0.000000
7 -0.000000
60 -inf
7 0.000000
6 0.000000
5 -0.000000
63 inf
2 -0.000000
12 -0.000000
65 -inf
1 0.000000
67 -inf
67 inf
68 inf
16 0.000000
33 0.000000
6 -0.000000
7 0.000000
70 -inf
72 inf
16 -0.000000
2 0.000000
15 -0.000000
1 -0.000000
3 -0.000000
4 0.000000
3 0.000000
0 -0.000000
4 -0.000000
78 -inf
79 inf
79 inf
36 -0.000000
81 -inf
81 -inf
82 -inf
18 -0.000000
83 inf
84 inf
86 -inf
86 inf
4 0.000000
87 -inf
3 -0.000000
1 -0.000000
4 -0.000000
23 0.000000
91 -inf
9 0.000000
2 0.000000
1 -0.000000
3 -0.000000
94 inf
3 -0.000000
96 inf
96 -inf
98 -inf
18 0.000000
23 -0.000000
28 inf
2 0.000000
102 -inf
47 -0.000000
104 -inf
104 inf
105 -inf
106 -inf
3 0.000000
4 0.000000
26 -0.000000
30 -0.000000
110 -inf
110 -inf
4 -0.000000
6 -0.000000
113 -inf
113 -inf
0 -0.000000
115 -inf
116 -inf
117 inf
118 -inf
28 -0.000000
120 inf
5 0.000000
121 inf
0 0.000000
123 -inf
12 -0.000000
15 -0.000000
3 0.000000
11 0.000000
4 0.000000
7 0.000000
11 -0.000000
15 -0.000000
1 -0.000000
8 0.000000
132 inf
5 -0.000000
1 0.000000
13 0.000000
11 0.000000
137 inf
12 0.000000
6 0.000000
140 inf
17 -0.000000
6 0.000000
9 0.000000
5 0.000000
145 -inf
146 inf
4 -0.000000
10 0.000000
23 0.000000
2 0.000000
1 0.000000
11 0.000000
153 -inf
20 0.000000
155 -inf
3 -0.000000
157 inf
10 -0.000000
2 0.000000
7 0.000000
161 -inf
15 -0.000000
8 0.000000
5 0.000000
0 -0.000000
166 -inf
6 -0.000000
2 -0.000000
12 0.000000
170 -inf
5 0.000000
0 0.000000
15 0.000000
9 -0.000000
16 -0.000000
4 -0.000000
29 0.000000
0 -0.000000
65 0.000000
22 0.000000
182 inf
41 0.000000
0 -0.000000
12 -0.000000
7 0.000000
10 0.000000
20 -0.000000
189 -inf
4 0.000000
46 -0.000000
7 0.000000
20 0.000000
45 0.000000
21 0.000000
12 -0.000000
53 0.000000
2 -0.000000
201 inf
202 -inf
24 0.000000
4 0.000000
6 -0.000000
2 -0.000000
23 -0.000000
31 -0.000000
4 -0.000000
16 -0.000000
9 -0.000000
5 0.000000
25 -0.000000
1 -0.000000
7 -0.000000
10 -0.000000
9 0.000000
221 inf
2 -0.000000
223 inf
30 0.000000
60 -0.000000
32 0.000000
1 -0.000000
13 0.000000
16 0.000000
21 0.000000
6 0.000000
16 0.000000
18 0.000000
8 0.000000
239 -inf
4 -0.000000
26 0.000000
38 -0.000000
19 -0.000000
245 -inf
32 -0.000000
5 0.000000
23 0.000000
11 -0.000000
15 -0.000000
253 inf
2 0.000000
1 0.000000
256 -inf
4 -0.000000
260 inf
16 -0.000000
4 -0.000000
263 inf
264 -inf
43 -0.000000
267 inf
46 0.000000
1 -0.000000
3 0.000000
0 -0.000000
0 0.000000
23 0.000000
18 0.000000
93 -0.000000
279 -inf
16 0.000000
8 0.000000
13 0.000000
45 0.000000
16 0.000000
288 inf
13 -0.000000
21 -0.000000
36 -0.000000
15 -0.000000
294 -inf
296 inf
2 -0.000000
5 0.000000
20 0.000000
25 -0.000000
23 -0.000000
7 0.000000
0 -0.000000
23 0.000000
30 0.000000
9 0.000000
312 inf
3 -0.000000
31 0.000000
316 inf
12 -0.000000
319 inf
22 0.000000
47 0.000000
47 0.000000
11 0.000000
42 -0.000000
0 0.000000
90 -0.000000
18 -0.000000
2 -0.000000
50 0.000000
2 -0.000000
37 -0.000000
26 -0.000000
5 0.000000
29 -0.000000
20 -0.000000
21 -0.000000
10 -0.000000
10 -0.000000
105 -0.000000
25 0.000000
11 -0.000000
3 0.000000
0 -0.000000
18 0.000000
108 -0.000000
78 0.000000
5 0.000000
48 -0.000000
74 0.000000
12 0.000000
123 -0.000000
13 -0.000000
2 0.000000
13 -0.000000
48 0.000000
2 -0.000000
13 0.000000
23 -0.000000
61 0.000000
35 -0.000000
21 0.000000
6 0.000000
12 0.000000
36 -0.000000
24 -0.000000
5 0.000000
19 -0.000000
89 -0.000000
22 0.000000
22 0.000000
3 -0.000000
200 0.000000
13 0.000000
72 0.000000
22 -0.000000
18 -0.000000
38 0.000000
3 0.000000
58 -0.000000
38 -0.000000
39 -0.000000
0 -0.000000
51 0.000000
501 inf
3 0.000000
5 -0.000000
32 -0.000000
99 -0.000000
37 0.000000
17 -0.000000
4 -0.000000
146 -0.000000
26 0.000000
18 0.000000
148 -0.000000
4 -0.000000
18 0.000000
444 inf
89 -0.000000
5 -0.000000
18 0.000000
0 0.000000
38 0.000000
43 -0.000000
79 -0.000000
9 0.000000
25 0.000000
11 0.000000
60 0.000000
8 -0.000000
53 -0.000000
6 0.000000
70 0.000000
79 -0.000000
80 0.000000
