1 -4.000000
1 -87.000000
0 -742.000000
1 -8818.000000
1 25781.000000
0 330394.000000
1 2891970.000000
1 -134775795.000000
1 -549048138.000002
2 -148010829525.000122
2 46547678057.998932
3 -124719973848812.687500
3 2541709173947515.000000
3 -4792876781142752.000000
3 -63276395844275080.000000
4 -467598241681614912.000000
5 123437306620582133760.000000
7 77911243157961458057216.000000
7 31375973346405271994368.000000
8 -1901669797016966589841408.000000
10 -85018535500840762364395520.000000
11 -8515686764864501650567462912.000000
13 -947169423417281275123204096.000000
14 -9236873318953769717165866352640.000000
16 -159055803658567725803630409809920.000000
17 -1641930714897619880975647694127104.000000
20 -1849702937886897246097104598728704.000000
22 -1234964158351490099468339272287780864.000000
26 -34663368925849664179480938761083158528.000000
27 211136461877069183419821991020843761664.000000
46 -2686122159207496159101116018750723719168.000000
33 -2271530972429167249291268051005238499344384.000000
36 43282776583087833301726709329620207608528896.000000
39 94236578044614386107188963714730989084213248.000000
42 -18370221921353065515837225869947848798140104704.000000
46 31277607216752012391926973690052526402685523460096.000000
50 279500008828649052694766512127817742541277836083200.000000
55 -273319677388227752467815070695366739385508809408512.000000
59 -40034040886158147664259303169213613693895299959881728.000000
64 -1243506091564008857059914954798205941160102377075769344.000000
68 -594677784517451077263600508114749523363805448812592365568.000000
71 9555125316265316133045818242161177869026294553416564736000.000000
76 664526807951548017746833410870779341532022024025798145474560.000000
81 -15011553373296205370899981509761196842151244740266882498560000.000000
103 179872642304940026814442903037973238057720929672823925488222208.000000
92 -118187386279691292039052209320838267493512143984841490143347998720.000000
97 166660918385278137312391433273121495506511002023996554860205965312.000000
103 -3204483591891528141547040030326337553910575060160955601548631605248.000000
109 -4261503547345634406749661475922594379292826556567468450173684314800128.000000
117 -436036788559530601911348042637011737012832086613487692178190309938692096.000000
0 0.000000
131 109086180523126745696801393832694180981625369888555120779615541519741616128.000000
138 -1161774083893540011324029064290730771730865866687920691067236889915880898560.000000
146 71632354341306482397018680465348147110404611551446499212960282355501537165312.000000
153 24185063194984665108814874825603588785573564914877534639207424169758349103988736.000000
204 93848535734574710266223509157402021948783588705687600726495697060040145408884736.000000
172 5850888086419819919923293175547378439025577068295660093579218533076678491328479232.000000
180 251677154505504834691597237844128700781451253105992375490449534482395708399099576320.000000
189 6045290639555668894651636975359373943454717457131496800713800335607129147289301417984.000000
0 0.000000
209 -4278692451118810731544805668880731456003176964175480147682182564047353332558090102374400.000000
219 49974248151998799003792705220314248784731878030635754650135404095990934473215030405747441664.000000
229 -11631012592437256989461725720829058033103756712946307568622003205518920037420123721295724544.000000
282 2999794450864229749491274342234715194156592737594898905515859196385583730408378668604140290048.000000
252 -3147484308549247733339271951952962200098318764926476392566101353188704243047033355640698432389120.000000
262 -72509437503274268644705507276392240663347383845235879679304122125971500915071505079090533097275392.000000
274 -5952529166837362839624279669775554095729708454278509551431372665402403143220654042380761723224195072.000000
287 -7529357698615039790288398114190776523272952657775049383237424793213976825951590911724394172737650688.000000
301 1980730293364674650883538073302886612580140442810850416045495804726054739465510308084938734725381488640.000000
313 30343222316089496324147083253406836579017689872745281566649270512085168052071825861509216266417720000512.000000
326 -2420559881352790672516340632382450246941027405501771594347807104673084673336619598162354185612417323499520.000000
340 66143869387303900875902565433674195433562783570795139667851753205300298253208482268665904434159012116692992.000000
1 0.000000
369 61807377236962502114298016671535649587481385316351665058085686147278112034234294607698479504748853688633655296.000000
421 43557794889254065519938059513005752305311594864976184354072090945673213440299892260971546405456141454018969862144.000000
399 1364477231340469158587181206995269697924752292236749907636409397565234834940723068965868015725412600986685516283904.000000
416 199838717370174217090999456188095139277900824408932790861047007196687942587626790360803458636748204877611654224805888.000000
432 430101146984641623560939334812261376416758410240057712054447259268369806486724756693317428703819427675867101752459264.000000
490 -194142128995762905726041093518638048294802881180199791450566968225758636906264774030914696641460633371403017675266326528.000000
468 -80248773994009415749926290185801638309043753883102438055095602796958642971519998002217834820183566935167123004259433447424.000000
486 -1644953079505793894050388214098556853815472901344360124297949469073486460057637208144835670410788082354698026749389415907328.000000
506 3019917853163076215257938421411038193741154888363643928808114305945809972146142554666054659274595933291454686741801180594176.000000
562 -6331254823443967070214295781517175727268056540064953183365824663499486506694520906749918803292340172122743508227435453801824256.000000
572 -258773226713967647846306042118743930797781067364612516025280270122174070028286121185301412924792965653921990406268627090321440768.000000
0 0.000000
577 -140386479478505742759633964934387269170203171282005569117710706480391863377596827143330802358768491080811504746860341852136567472128.000000
599 87722663761543033233878054513167421623451383535291295828467804726710315270378317522443738107496070887393619240820024846888579444506624.000000
621 -5036096408444591483654776907398499878333016053315269927378356950928058847469725554114179921347146380234872734436632303422867472839081984.000000
635 -38517795394854468660775060541508284413334148431584019191644180492670567777300038975791852690873999087207702469989493566103971746516303872.000000
696 3489728080560955717063811394400489136866199416883383363166126017907985921865966012566511464738480630180475223778029540236173234791621066752.000000
683 -57668713556618768968088796847527974342177621779495053203925421385560728537019817338129016266503024728986887147248694150913614006169326583808.000000
1 0.000000
764 -885227246370368029459945246444665442477931189568549123586778881488644299099998243586676832575282644401455359458556362096022341635142639046098944.000000
1 0.000000
775 -11980680700730112751347268840793418081352988387530083504356047000088567579666278678480536573193042357456774287670607256340840869387712075387658829824.000000
840 479483912389403992067900713445653046176307242020442711151329952966661733461976340780077874426648608042337244079451800310086892374030588322089271296.000000
823 -40107745443983066635248064389482428333838199094812672934890498678042987748677351805110462531505159919021588532837820139578952543557247545456218184089600.000000
904 -124871398240437347371496830126500998814384845573621117176710778937841081450428825954035372906805907950740436573340079783156336015760628174056790301868032.000000
872 -76938128742822492871868049171927212184065138407192331317728584937441281604027094427631562246447761038775130941483642035914575173039062894096157014015082496.000000
900 406243943453243340556959251334631519744263255994092679198944182543654430445954678326088957192415442761441674315894838829931418499508682323874551834391609344.000000
965 212300139198762316468651366953880253996707336339915873167608786335388733573676225682470822526317541735519307601618974137315152445465075639274667765569354203136.000000
956 -2093590250689894552539495495673821529196464023494115153425805752104490164562261042222515970284282418743179418673358683012005122108881190743614849230846027628544.000000
981 -337436807363570645720457645312200334737014018348098664886158169222802986967285872369997082538413157669337750509166789997808167324337981438108294648114581191262208.000000
1010 -15822393426354517386775045733490370897559267651852091321883939393775159572111689186854987907763955842236467255430672408191833825162063256448937201547276321665581056.000000
1077 650461556865294999172877624379961951123887903701048328602946463260128495285366315437809919323440962358345916049495899603313628800140180760700036146078343455817334784.000000
1070 324772925641036119267280136098836306888898185128202093074074255602897355492590282185646121687568034237239675500470137272465559212490715471965338309829047590738922045440.000000
1136 -34778375325427517631487690564800162024536004880893578690555675820493286243948875904219473752223663070714728564068954374410505432947375826148957773069434011147131450032128.000000
1153 -34428513466307105277054619849209309246706393141971544646108275534062744869662539871311318789398046059390275756734149928137561492315873161113019597187581827551058278219776.000000
1186 -72069185991919408727389630628408985746175159661470601945247253310919307873347892548182081977198850943920998258158537046267189387526931807521894885145162080645445387812864.000000
1247 6785554535542457000281528962736126369456902596309154900795281717216471757227100184574842147746255134986803819453569386319296944519068422667666201756304516030949603598663680.000000
1264 155239758254425107758596554604812538555305519425043173091807897378872066610205706263249743039431356309529139790651890376941373869948396752813412735186233633264644351721497165824.000000
1288 325300752297425522230412488900357923822429879339942732903073227291071066386031460948110015126127881990858922877800674444671368470754323395688014660902830887463472876292140957696.000000
1317 -19560383571458386085957892339318021778833264572676378757530769815270572321661767034893655319763408581498844425089474844706490899997894125091945444534617623994866278457203293683712.000000
1360 -82773919138226107949845989388821017521658715310090521495426721916520105777801859385521793746935899676347317418153094439136641622910499847131530917006177570230607804721983306514563072.000000
1390 6222355592418042912118197480224521272535359120774013181453197221101370336534982871001134114997688437683934464709374119927434019604623779850458334120086023876737157578492470813133897728.000000
1449 189265313708715829408552892427853651991728330099184703993992186141782334372461969312068647357632621996259419187237437161387096354571740272606124341211858174908085348287068602120519286784.000000
1469 -427014671063725747449936064498401026121821171033961712744193720327655459216727052727773664994745873416322941987703580636191119462850609638525748615098180719713766719139286987907295552208896.000000
1498 -411037851751384415074412007376597779000903188679887740259130862800967479554224858774792176196192976256628688225814158879556723955886812972288556277574823253286642372244745966871511753031680.000000
1541 -30103746535682184485854466644374756175126644013782698810355641725869494279050001051846728799004171678180760398439403523435743486373144927514047804541724361275714520048839160037653122832662528.000000
1580 -2249232559564645617269097424812228100816867812105067597640903789091390110925739983105456315979780408224175391014675277430366953825979912183240160776746765884185289908013889960177789543655669760.000000
1646 -2045302572916172556747082343169201345758597452303275630916398665722913124380987566955941460329889132267957698812728415427877553744203550484275052172092965440994114007872313541980509952530421121024.000000
1663 -13384408783311090267662278832935456620572301435915718343091774057005294411823123142560604733927737933788513825251966664202291665019905666026563983591247841289906312660894244102290061175972421435392.000000
1701 -23003109670515141944877629530200939280445622922430528027736727135695223194560028145134635229767708554788378972906939671861431283723784563161784240724964296735682743213100824942457945279261541662720.000000
1746 -10236867961555194596209880015797286253004659075215032868117415369730255282276726401362392410862469393615615263416055946763206646442259293098717745916916290774408986628114679675463352205663138205401088.000000
1788 -2513259336270092308573151887247649909203036641841510746704442191816886362608472775516042038432514168579962313941600718360396805647229776724248921137428802131505527975844667079515365312083936006193020928.000000
1845 7928855463176801155260458769934147257417926317374869938148426981286938859454968126632752798121546904551107447400900026092980919100753190222324971746708981087366469170708046152421649206351651284424065024.000000
1871 -688690759543717535367051549009971632838808958012383725542299733964386429099962181761630728246807118099947138152866451776036121962648452370978674283181184315941278905186402301685228137384125686013205938176.000000
1911 2549576310605907167297813151776761264902997802782964133352083068346997917665757614955921149349376739614263931404534424965325831949178337375701851471346468944990692046318074626800830501975913733455674817380352.000000
1958 18306857367549074976499519637092631672778255307161578319425814703864070407318354652017845778464936914974793922426113617073111672670228324201483981918056816058823472969304759917351863191961365055265872470343680.000000
2164 -542892449056780719648777697623709844379595044074979396649649770438822465233691823169925942730728949448933934283732590587461228072281372792646092060397200918691697242995360712990226063011787490402273554822332416.000000
2056 -747254252761193020866468943975606886341560842581334077622461813777308913494570201431335462786816373976578548478571999685311241116816614733365042576399524289949200518466258975014212718954421009205365592857375670272.000000
2090 132279760822414463946614234010179440372702519004431118289293665037231068590185247059321304711418834348620161262781731425722023093608787642003576514801539614492141657159952622639042934807565407878949557541594011271168.000000
2141 1881630613695678249704532530681265463256830233962288055833896560553741148357147349886098429652053502396985482387811331190044850587908931224092929863852257234929973936656931000058828614551543471556323487700774459277312.000000
48 0.000000
2245 -356044821610518621903105773343607816176121903574770147521621226693469509876739843202880174629270609836443524398289342154651035785320994460720398564408190050571549433446701106938024165260728836778842937688163382053568512.000000
2391 14423198452921088958919742890061715195939939284373683977824649354948029584635011202300825558162492843217977978090216769902992365880456846158776434559693228503394938050332953581769369299296396702165480185009751442591842304.000000
2335 -6904019489740970737562140566952394954561858089021184179691732429707062982409846477757285477025688486791387831365552978739070122051900441094169547587682608223265461351382890760256096017211813967072523651506121624502046556160.000000
2522 9085122980432886842065291927910025804757100001607077475977219415615778408072957191314759483539737393826155690773312019637450290197160166516616701728059453627474992706924987929727928984959527923915753431923906322908761200525312.000000
2446 718760075000744379249484337096693412274298622313460812451584818748888721826093169302169974349264505374527555902129540690560818511268810634375544882021522031594670814030953622790819198309162409554749071814485327924733924677255168.000000
2489 -64458335001222287689094831898710918140689050814730345506043606625510073713589427262023609870209314344375601217730545842370729400752814617728141705352691882340993456250169276327350386918119897172806162430987231290352085057572700160.000000
2516 934502707564069362454386885630840417107130095160263897010177322868939690124156632833796704702556496940337770848689361173048217661979163739457539406456571078409646552002447861525140489780628135878022268427860566858673367377598480384.000000
2596 -16171336724438010715456547173240102702124104858237602443266773854420373784100791647306901098875015393347625948505832973373398687565001181229787767461809841632167624069696836577013190055509674025895680045449160883035242082139904147456.000000
2723 -16384632697032570662077210875470917418166593144137109635845932294930831379593038155921786794191143625724156074823421905712588417096463971013971130872890528456110986559989955688042601972910979109566378697152228368725138200801619103186944.000000
2683 5345084449747767157082601640633918517486474929121436786730782402052192897943968434908317513452118413797313490390698456707058201815583595476281572565022850450139384486642488750653558039929802813899494386780405782185891634294302361780224.000000
2704 -29963573281958602363862925798283197255883036865258918998077690156783187024212433622724984868713523273766705772358807974682510258424325721899317569367770264000672754864048244984926610843171962381755407655170114894679558221259432244738523136.000000
2752 -10483023370024887303692263779272857576955701860732343440874854565088485130436629750983251462413469103065993355566726088463956810517302155191724277708570009506223859216888600757491432367607537442163012812545290789879883248474404553819684864.000000
2812 49991906723203500392301896583377535560419154604027918133593383468072641553087443186236051571641162849728303217879849515360016400079745248181965184090141860009144882929329875579376987576950736057428075291027991082263222014042270227118365343744.000000
0 0.000000
2925 84697876928137218328561017392799555808622512594570956032700164951308931434145489546377045992532106667733923556511299567556717963009687709722062444965940657874242959315644156144238556945054136499135837922712443162301884514850159980041504143966208.000000
3026 -22119441977073450892078619112374761720349860088514193045781680741236541099094467558051223880392433407386179888419616538913950097636348680098529355922140652267273614886543115709876572878758447599868503665330641399925455381387067630669745858757525504.000000
3069 747833455334093925942280429886788637957418229187295490407127523094402289245519247528759356236309092945284922551224628893371410429001963649572634930043820620267728998015352367643449182090349701280524012101966245967045599346921996081392587543102357504.000000
3102 -179697670489669622276009204818866885867700217480148559897803123604345828348898125369319392058361710246284447163849970092155116561651962084769749117897928164898116343996182784355072010824711659631000227263367048053833573862164894202381873891755184619520.000000
3159 -522873103085317379591753401692680664622315233770541679227941449693618614814920114801139171984579745032941267843589265868949594156638529284235413386147836350189332668137582423666612477267472914407972515628404840402315558945843846530364425897868332630016.000000
3254 3004365397466901932027794996289332476621461408649535645798848310144266574652956266484579512912915397043470187744215749873294523569716461621361739923516475718942805062633131956849148903972024113378336005205589662554059877645810867991999226123799949821870080.000000
3288 383408512883264030461835160188029449914204840549543023565256395876351254471418027819627630950138216582480894756919230816234024673756708898711962120953656878193353515879807141409585972560660210939266139063468841092704027225494352069328664419781341441691746304.000000
3612 -15206233070755742464633345185246291131458962994697500882677749666869889844321359939705259704464278844446602332729003087384929726495516477698972865185486992642873858643544572793319296250617554394653316415656339738129082694531463962905349287147024145495047012352.000000
0 0.000000
3975 61511160564742081315030848611975530406386265205224159204272774320505898074802343134007546307216376995288401540342067889003591199865464667127192849170393063646411963623761665579167464336019693917359681004711492367079122098989191355690230505319416251138720942522368.000000
3620 -1992861545268788235495936103430862210608325304769843465584037746624528264332471566009843581576229624496454343961524062150167320231334944254449620692112093904286768343734078326336382791062872996633295621293487359754574706549042730193462555876436503266230160179855360.000000
3769 164649196806282054944202478617028555642334582312649208238209130679195192477521173318510246315459661753491889034573344131387760237151475181389956813084796957320342934135817287524636109082994734823566114742671612794316740031569609660229864794368721908584860717416448.000000
3826 -13360575412258644395860317758537033871755233957857485741995597159688673950197311546365707908921445773165439497782147805434377374378447279399724174888005133962812321597098708237844704262695836669108795546210933400063667381113450390176022830861758831282711808440908382208.000000
3921 1406469206343479271897465779177688908508584776259684843686266236005826459983990566699166839936286459630323738980100391973526786832405309873550091770622735927859680122061340529285595115251862574665820524118777791545655155396374858112204687193155511087132958100937406152704.000000
3882 5005469945502792548004952298789355385603281727448434610876384496507400840136913326252324354667059107254786886904964270695165282776914540984471917411217350912448776899789217895892560242822782739748417092363523230094327967658291284994164228799016171132772350809516938362880.000000
71 0.000000
4148 554422618689667442802783072212831828678015543391979400634693482292297280602667479412291776177606585268618334764062219160416872423613841569776762674462744918100542011648824145097006286360521831671712400224367106604894349840751377203710028768257837811506086395778357215545524224.000000
4027 -598937481204539388535872993468555897672711924181031928206553244369108819819729062943367736474006302625687454876689151003801167325063157211069904788054103175696484860046943114932960935974669685591368120036852156306066103954124236965793635790600199858170958223557883833268607909888.000000
4233 1372069031291209227851577512961202818243607648969082818351977696244155398949894967665034926146021766208410477729268214668495008760958107038080456100421735704749777333644680740956672045456861881213401992253304199073561126277576194543058598735896122160192334965171585011366219481088.000000
4259 -28550213223094176826817628987732265581652347249646605833493660923290452452334357987823113509877081299426832202852310846139762826952728852018647600143689073895700028618208047880243096356866257278585502923726045575454947111526521560828375424067491618039750183800348855874278813335552.000000
4276 -309871455972539852496444687110309515981579609134254510748367163697042898596532098430344914639483785079313874064069016242215096677182288561915863700259046823291990004871695046181382620725125148764476071029656933599590952309158033489502013880921343924241607540972637360991070305910784.000000
4350 77805754954932484867894406931995507854113020018263444801413375426275393934948942309753877890719643940611883279864013943537608353458451665590804536810302879944939151900323704651060555832444590785883212682901003209549639805363427211387099311583750919058801117154945390141733955139402727424.000000
4513 652310877861333364613126423304984503841384388068742389399328832958611652980994175676704093486760305556344669627360694444884989652118900317465537439275126172338781056288043390977969791367753513110571361138600659802799584178432984406286359324701805827470009729035492664764882819118624931840.000000
4488 -803977171994286023416352276079744913137918502940256475755880633842297810273761514040514463442383477172225745580878153032724075036208232204207976968881924258247196474743279142194235500575182513304409265887777453341647491190126345135777397901544251531704896255140150562255132098937185370112.000000
0 0.000000
4722 -191035013926825402328919848111216972785124253584950510246149083494729418708981931238312134609377921838218550411312090296652476659084168769537602488256051666335252466985185701165211834687504193297100313819269859350101825528588545479753515044602012353070758502209309844276155552196079797967781888.000000
4740 -220674568335643289724419957931311373475856442780584533752844762797813513472821518976939547954874941908511200413001600319680173915973077269116426971469029024656868417399015816804366314464467342728771584002849576544895420710714965514081675044843731355795993726662372918509953140993099950343585792.000000
4806 59650187962238209114830489896442332219326609031252505147788605628647108964417035531177650697148177164828706244490057557133349574402758914633542329889836182392685757525393736840882587108412258448601414067711185381565500785897130385900824640266832604248493145265278400166503831120872048124380577792.000000
4887 -906724094831905184147586350895316579623897892459302647581727378895365346569255772583035634808953526823668488092077368558899003882206491777161273814786463767191314786347357945834792329765990785584705258355097903295332298203153909857493003538542576560757306576073541800409238995688068401966575637233664.000000
4973 8539330995539165045489531932389687340169726690256175774868127124828885506838765918839777639884605344981175828486562209700333712773654467422730324077033921964512327878655894833620039362260766273822922716757818025612509667849354110880546646442674094184596710373998476440200891548116280867550124675432448.000000
5228 30067106705201276636492719265496240982802158443540765837164846051699620661373572479623903858284751566657454538176919471120330553849262223490179113184100151257734289572283958373467595700191624302211928639569982907119159784375968670147664368078299811799925215139031384005259727398528866675835784400994304.000000
5236 -18717733467100207123228852887002245740015056309022508408280860101011910782968183805654116198553479154978273295067639708987667355738577636811748345179532319082933099715052337218805010612714122056585542508294791388568276445064710392597768534539365275491313846101683620259209787325621287826723448150315499520.000000
5492 -18121677680059629925132536546430328716440038548096830126385810333991275735069070689045883719329717440175249051667298695140079974137164427067596548665145647538671388015112750917188760319754147631573495838051055772487322756939602070242281677859133292631354334681593546669008935445376821198462818338451518128128.000000
0 0.000000
5607 -inf
5879 -inf
5806 inf
5646 inf
5811 inf
5911 -inf
5989 -inf
6038 inf
6228 inf
6269 inf
6319 inf
6685 inf
6953 -inf
7169 inf
6809 inf
6867 inf
6916 -inf
7028 -inf
7166 inf
7284 -inf
7352 inf
7457 -inf
7653 -inf
8172 inf
8042 -inf
8020 inf
8131 -inf
8143 -inf
8256 inf
8436 -inf
8518 -inf
9436 -inf
9082 -inf
9219 inf
9114 inf
9600 -inf
9423 inf
9391 inf
9515 -inf
9585 inf
9762 inf
10013 -inf
10407 inf
10626 -inf
134 0.000000
10582 -inf
10687 inf
10696 -inf
10991 inf
11079 inf
11304 inf
0 0.000000
1 0.000000
12140 -inf
11851 -inf
11887 inf
12060 -inf
12138 inf
12296 inf
12855 inf
12849 inf
12983 -inf
13107 -inf
13263 inf
13288 -inf
13442 inf
13557 -inf
14338 -inf
14464 inf
14049 inf
14211 inf
14376 -inf
14550 inf
15420 inf
15152 inf
15194 inf
15235 inf
15477 -inf
15685 -inf
16013 -inf
16394 inf
16965 -inf
16526 inf
16518 -inf
0 0.000000
17098 -inf
17776 -inf
17687 inf
0 0.000000
17723 inf
18085 inf
18159 inf
18354 -inf
18954 inf
19355 -inf
19013 inf
19097 inf
19434 inf
19499 -inf
20002 inf
20623 inf
20167 -inf
20412 -inf
20617 inf
20833 -inf
21341 -inf
21790 inf
21501 -inf
21707 -inf
21900 inf
22224 -inf
22361 -inf
23116 inf
23181 -inf
23106 inf
23292 inf
23560 inf
23717 inf
24886 inf
24487 inf
24462 inf
24697 inf
25359 inf
25649 inf
25365 inf
25717 inf
25990 inf
26217 inf
26530 -inf
27710 inf
27115 inf
27218 -inf
27484 inf
27704 -inf
27962 inf
29020 inf
29362 -inf
1 0.000000
29265 -inf
29337 inf
29726 -inf
29840 inf
30129 -inf
31483 inf
30697 -inf
30989 -inf
31265 -inf
31591 -inf
31887 -inf
33143 -inf
32932 -inf
32707 inf
33225 inf
33377 inf
33660 -inf
33925 inf
34210 inf
35507 inf
34828 -inf
35125 inf
35425 -inf
36267 inf
36710 inf
36385 inf
36774 -inf
37014 -inf
37322 -inf
37690 -inf
38800 inf
38363 -inf
38867 inf
38933 inf
40256 inf
1 0.000000
39859 inf
40273 -inf
40631 inf
40922 -inf
41309 inf
41697 -inf
43080 -inf
42637 -inf
43309 -inf
43084 inf
43505 -inf
43707 -inf
0 0.000000
44369 inf
44733 inf
45407 inf
46699 inf
45870 inf
364 0.000000
46765 inf
47214 -inf
47522 inf
47681 -inf
48189 inf
48555 -inf
50418 inf
49305 inf
50301 inf
50027 -inf
50546 -inf
50796 inf
51207 -inf
51668 -inf
52046 inf
0 0.000000
53485 inf
53375 inf
53687 -inf
54112 inf
54516 inf
54883 inf
55273 inf
56684 -inf
56885 -inf
56431 inf
57070 inf
57389 -inf
57745 inf
58197 inf
58646 -inf
0 0.000000
60307 inf
60100 -inf
60651 inf
60843 -inf
61361 -inf
61795 -inf
62204 inf
63330 inf
63302 inf
63517 -inf
451 0.000000
64496 inf
65001 -inf
66557 -inf
66276 -inf
66433 inf
0 0.000000
67243 inf
67889 -inf
965 0.000000
68648 inf
71181 inf
69892 -inf
70351 -inf
70766 -inf
71470 -inf
0 0.000000
72263 inf
73998 -inf
508 0.000000
73798 inf
74206 -inf
74653 -inf
75097 inf
76121 -inf
76297 inf
76658 inf
77205 inf
80407 inf
80082 inf
80035 inf
79322 -inf
79843 -inf
80819 inf
80855 inf
82569 -inf
82030 -inf
82382 -inf
82888 -inf
83845 inf
85348 -inf
84892 -inf
85226 inf
85793 inf
86321 -inf
87761 -inf
87570 -inf
88085 -inf
89838 inf
89832 inf
89639 inf
90562 inf
91038 inf
91390 -inf
93052 -inf
92728 -inf
0 0.000000
93800 inf
94846 inf
96218 inf
95766 inf
0 0.000000
96770 inf
97450 -inf
100078 inf
101166 -inf
105352 -inf
105995 -inf
106076 inf
106958 inf
107562 -inf
107632 -inf
108444 -inf
107546 -inf
109969 -inf
110885 -inf
124468 inf
109726 -inf
125165 -inf
128758 -inf
1 0.000000
182250 inf
173240 -inf
